241.143356	2.124023	0.464243	
242.734009	2.130084	0.460341	
244.324661	2.136090	0.456259	
245.915359	2.142031	0.451997	
247.506058	2.147897	0.447557	
249.096802	2.153677	0.442941	
250.687546	2.159359	0.438151	
252.278320	2.164935	0.433190	
253.869110	2.170394	0.428063	
255.459930	2.175726	0.422774	
257.050751	2.180922	0.417330	
258.641602	2.185973	0.411737	
260.232483	2.190871	0.406002	
261.823364	2.195609	0.400131	
263.414276	2.200179	0.394134	
265.005188	2.204576	0.388018	
266.596130	2.208792	0.381792	
268.187103	2.212824	0.375465	
269.778076	2.216667	0.369046	
271.369080	2.220316	0.362545	
272.960083	2.223770	0.355971	
274.551117	2.227025	0.349334	
276.142151	2.230079	0.342643	
277.733215	2.232932	0.335908	
279.324310	2.235582	0.329138	
280.915405	2.238031	0.322342	
282.506500	2.240278	0.315531	
284.097626	2.242325	0.308712	
285.688782	2.244173	0.301895	
287.279907	2.245824	0.295088	
288.871063	2.247282	0.288299	
290.462250	2.248548	0.281537	
292.053436	2.249626	0.274808	
293.644653	2.250521	0.268121	
295.235870	2.251235	0.261481	
296.827087	2.251774	0.254896	
298.418335	2.252142	0.248372	
300.009583	2.252344	0.241914	
301.600861	2.252384	0.235528	
303.192139	2.252268	0.229219	
304.783417	2.252001	0.222992	
306.374725	2.251589	0.216851	
307.966034	2.251037	0.210801	
309.557373	2.250350	0.204843	
311.148682	2.249535	0.198983	
312.740051	2.248597	0.193223	
314.331360	2.247541	0.187565	
315.922760	2.246373	0.182012	
317.514099	2.245100	0.176566	
319.105499	2.243725	0.171227	
320.696869	2.242255	0.165999	
322.288269	2.240696	0.160881	
323.879669	2.239051	0.155875	
325.471069	2.237328	0.150981	
327.062500	2.235530	0.146200	
328.653900	2.233663	0.141532	
330.245331	2.231732	0.136976	
331.836792	2.229741	0.132532	
333.428223	2.227695	0.128200	
335.019684	2.225599	0.123980	
336.611145	2.223457	0.119870	
338.202576	2.221272	0.115869	
339.794037	2.219050	0.111977	
341.385529	2.216793	0.108193	
342.976990	2.214507	0.104514	
344.568481	2.212193	0.100940	
346.159973	2.209857	0.097468	
347.751434	2.207500	0.094098	
349.342957	2.205126	0.090828	
350.934418	2.202739	0.087656	
352.525940	2.200341	0.084580	
354.117401	2.197934	0.081599	
355.708923	2.195522	0.078710	
357.300415	2.193107	0.075911	
358.891907	2.190691	0.073202	
360.483429	2.188276	0.070579	
362.074921	2.185864	0.068040	
363.666443	2.183458	0.065584	
365.257965	2.181059	0.063209	
366.849457	2.178669	0.060912	
368.440979	2.176290	0.058693	
370.032471	2.173922	0.056547	
371.623962	2.171568	0.054475	
373.215485	2.169229	0.052473	
374.806976	2.166905	0.050540	
376.398499	2.164599	0.048673	
377.989990	2.162310	0.046872	
379.581482	2.160041	0.045133	
381.173004	2.157791	0.043456	
382.764465	2.155562	0.041838	
384.355988	2.153354	0.040277	
385.947449	2.151168	0.038772	
387.538971	2.149004	0.037321	
389.130432	2.146864	0.035923	
390.721924	2.144747	0.034575	
392.313416	2.142654	0.033276	
393.904846	2.140585	0.032024	
395.496338	2.138541	0.030819	
397.087799	2.136522	0.029657	
398.679260	2.134527	0.028538	
400.270691	2.132558	0.027461	
401.862122	2.130614	0.026424	
403.453583	2.128695	0.025425	
405.045013	2.126801	0.024464	
406.636414	2.124933	0.023539	
408.227844	2.123091	0.022648	
409.819275	2.121273	0.021791	
411.410706	2.119481	0.020966	
413.002045	2.117714	0.020172	
414.593445	2.115972	0.019409	
416.184814	2.114255	0.018674	
417.776215	2.112563	0.017967	
419.367584	2.110896	0.017287	
420.958923	2.109253	0.016633	
422.550232	2.107634	0.016004	
424.141602	2.106039	0.015399	
425.732910	2.104468	0.014817	
427.324219	2.102920	0.014257	
428.915527	2.101396	0.013719	
430.506836	2.099894	0.013202	
432.098083	2.098416	0.012704	
433.689362	2.096960	0.012226	
435.280609	2.095526	0.011765	
436.871887	2.094114	0.011323	
438.463135	2.092724	0.010898	
440.054352	2.091355	0.010489	
441.645569	2.090007	0.010095	
443.236725	2.088680	0.009717	
444.827942	2.087373	0.009353	
446.419098	2.086086	0.009004	
448.010254	2.084819	0.008668	
449.601379	2.083572	0.008345	
451.192535	2.082344	0.008034	
452.783600	2.081135	0.007735	
454.374695	2.079945	0.007448	
455.965759	2.078773	0.007172	
457.556824	2.077619	0.006906	
459.147888	2.076482	0.006651	
460.738922	2.075363	0.006405	
462.329987	2.074262	0.006169	
463.920959	2.073177	0.005942	
465.511963	2.072109	0.005724	
467.102875	2.071056	0.005514	
468.693848	2.070020	0.005312	
470.284760	2.069000	0.005118	
471.875671	2.067995	0.004931	
473.466614	2.067006	0.004752	
475.057465	2.066031	0.004579	
476.648346	2.065071	0.004413	
478.239166	2.064125	0.004253	
479.829987	2.063194	0.004099	
481.420746	2.062276	0.003951	
483.011566	2.061372	0.003809	
484.602295	2.060481	0.003672	
486.193054	2.059604	0.003540	
487.783752	2.058739	0.003414	
489.374451	2.057887	0.003292	
490.965149	2.057048	0.003174	
492.555756	2.056220	0.003062	
494.146393	2.055405	0.002953	
495.737000	2.054601	0.002848	
497.327576	2.053809	0.002748	
498.918152	2.053029	0.002651	
500.508698	2.052259	0.002558	
502.099213	2.051501	0.002468	
503.689697	2.050753	0.002381	
505.280182	2.050016	0.002298	
506.870605	2.049289	0.002218	
508.461029	2.048572	0.002141	
510.051422	2.047865	0.002067	
511.641785	2.047168	0.001995	
513.232117	2.046481	0.001926	
514.822449	2.045803	0.001860	
516.412720	2.045134	0.001796	
518.003052	2.044475	0.001734	
519.593262	2.043824	0.001675	
521.183472	2.043182	0.001618	
522.773682	2.042549	0.001563	
524.363831	2.041924	0.001510	
525.953979	2.041308	0.001459	
527.544067	2.040699	0.001409	
529.134155	2.040099	0.001362	
530.724182	2.039507	0.001316	
532.314209	2.038922	0.001272	
533.904175	2.038345	0.001230	
535.494141	2.037776	0.001189	
537.084106	2.037213	0.001149	
538.673950	2.036658	0.001111	
540.263855	2.036110	0.001074	
541.853699	2.035569	0.001039	
543.443481	2.035035	0.001005	
545.033325	2.034508	0.000972	
546.623047	2.033987	0.000940	
548.212769	2.033473	0.000909	
549.802429	2.032965	0.000880	
551.392090	2.032463	0.000851	
552.981689	2.031967	0.000823	
554.571289	2.031478	0.000797	
556.160828	2.030994	0.000771	
557.750366	2.030517	0.000746	
559.339844	2.030045	0.000723	
560.929321	2.029579	0.000699	
562.518677	2.029118	0.000677	
564.108093	2.028663	0.000656	
565.697449	2.028213	0.000635	
567.286743	2.027769	0.000615	
568.876099	2.027329	0.000595	
570.465271	2.026895	0.000577	
572.054565	2.026466	0.000559	
573.643677	2.026042	0.000541	
575.232788	2.025622	0.000524	
576.821899	2.025208	0.000508	
578.411011	2.024798	0.000492	
580.000061	2.024393	0.000477	
581.588989	2.023992	0.000462	
583.177979	2.023596	0.000448	
584.766907	2.023205	0.000435	
586.355774	2.022817	0.000421	
587.944580	2.022434	0.000408	
589.533386	2.022055	0.000396	
591.122192	2.021681	0.000384	
592.710876	2.021310	0.000372	
594.299561	2.020944	0.000361	
595.888245	2.020581	0.000350	
597.476807	2.020222	0.000340	
599.065369	2.019868	0.000330	
600.653931	2.019517	0.000320	
602.242371	2.019169	0.000310	
603.830811	2.018826	0.000301	
605.419189	2.018486	0.000292	
607.007568	2.018149	0.000284	
608.595886	2.017817	0.000275	
610.184143	2.017487	0.000267	
611.772339	2.017161	0.000260	
613.360535	2.016838	0.000252	
614.948730	2.016519	0.000245	
616.536804	2.016203	0.000238	
618.124878	2.015890	0.000231	
619.712891	2.015580	0.000224	
621.300842	2.015274	0.000218	
622.888794	2.014970	0.000212	
624.476685	2.014670	0.000206	
626.064453	2.014372	0.000200	
627.652222	2.014078	0.000194	
629.239990	2.013786	0.000189	
630.827698	2.013497	0.000183	
632.415344	2.013211	0.000178	
634.002930	2.012928	0.000173	
635.590515	2.012648	0.000168	
637.178040	2.012370	0.000164	
638.765503	2.012095	0.000159	
640.352905	2.011823	0.000155	
641.940247	2.011553	0.000150	
643.527588	2.011286	0.000146	
645.114868	2.011021	0.000142	
646.702026	2.010759	0.000138	
648.289246	2.010499	0.000135	
649.876343	2.010242	0.000131	
651.463440	2.009987	0.000127	
653.050415	2.009735	0.000124	
654.637390	2.009485	0.000121	
656.224365	2.009237	0.000117	
657.811218	2.008991	0.000114	
659.398071	2.008748	0.000111	
660.984802	2.008507	0.000108	
662.571533	2.008268	0.000105	
664.158203	2.008031	0.000103	
665.744812	2.007796	0.000100	
667.331360	2.007564	0.000097	
668.917847	2.007333	0.000095	
670.504333	2.007105	0.000092	
672.090698	2.006879	0.000090	
673.677124	2.006654	0.000088	
675.263367	2.006432	0.000085	
676.849609	2.006212	0.000083	
678.435791	2.005993	0.000081	
680.021912	2.005776	0.000079	
681.608032	2.005562	0.000077	
683.194031	2.005349	0.000075	
684.779968	2.005138	0.000073	
686.365906	2.004928	0.000071	
687.951782	2.004721	0.000069	
689.537537	2.004515	0.000068	
691.123291	2.004311	0.000066	
692.708984	2.004109	0.000064	
694.294617	2.003909	0.000063	
695.880188	2.003710	0.000061	
697.465698	2.003513	0.000060	
699.051147	2.003317	0.000058	
700.636597	2.003124	0.000057	
702.221863	2.002931	0.000055	
703.807190	2.002740	0.000054	
705.392395	2.002551	0.000053	
706.977539	2.002364	0.000051	
708.562622	2.002178	0.000050	
710.147705	2.001993	0.000049	
711.732666	2.001810	0.000048	
713.317627	2.001629	0.000047	
714.902466	2.001449	0.000045	
716.487244	2.001270	0.000044	
718.072021	2.001093	0.000043	
719.656677	2.000917	0.000042	
721.241333	2.000743	0.000041	
722.825806	2.000570	0.000040	
724.410339	2.000398	0.000039	
725.994751	2.000228	0.000038	
727.579163	2.000059	0.000037	
729.163452	1.999892	0.000037	
730.747681	1.999725	0.000036	
732.331848	1.999560	0.000035	
733.915955	1.999397	0.000034	
735.500000	1.999234	0.000033	
737.083984	1.999073	0.000033	
738.667847	1.998913	0.000032	
740.251770	1.998754	0.000031	
741.835571	1.998597	0.000030	
743.419250	1.998441	0.000030	
745.002869	1.998285	0.000029	
746.586487	1.998131	0.000028	
748.170044	1.997979	0.000028	
749.753479	1.997827	0.000027	
751.336853	1.997676	0.000026	
752.920166	1.997527	0.000026	
754.503418	1.997379	0.000025	
756.086609	1.997232	0.000025	
757.669739	1.997086	0.000024	
759.252808	1.996941	0.000024	
760.835754	1.996797	0.000023	
762.418640	1.996654	0.000023	
764.001465	1.996512	0.000022	
765.584290	1.996371	0.000022	
767.166931	1.996232	0.000021	
768.749573	1.996093	0.000021	
770.332153	1.995955	0.000020	
771.914673	1.995818	0.000020	
773.497009	1.995683	0.000019	
775.079407	1.995548	0.000019	
776.661682	1.995414	0.000019	
778.243835	1.995281	0.000018	
779.825989	1.995149	0.000018	
781.408081	1.995018	0.000017	
782.990051	1.994888	0.000017	
784.571960	1.994759	0.000017	
786.153809	1.994631	0.000016	
787.735535	1.994504	0.000016	
789.317261	1.994377	0.000016	
790.898865	1.994252	0.000015	
792.480408	1.994127	0.000015	
794.061890	1.994003	0.000015	
795.643250	1.993880	0.000014	
797.224548	1.993758	0.000014	
798.805786	1.993637	0.000014	
800.387024	1.993516	0.000014	
801.968079	1.993397	0.000013	
803.549072	1.993278	0.000013	
805.130005	1.993160	0.000013	
806.710876	1.993043	0.000012	
808.291626	1.992926	0.000012	
809.872375	1.992811	0.000012	
811.453003	1.992696	0.000012	
813.033569	1.992582	0.000011	
814.614014	1.992469	0.000011	
816.194458	1.992356	0.000011	
817.774780	1.992244	0.000011	
819.354980	1.992133	0.000011	
820.935181	1.992023	0.000010	
822.515259	1.991914	0.000010	
824.095215	1.991805	0.000010	
825.675110	1.991697	0.000010	
827.255005	1.991589	0.000010	
828.834656	1.991483	0.000009	
830.414368	1.991377	0.000009	
831.993958	1.991271	0.000009	
833.573425	1.991167	0.000009	
835.152954	1.991063	0.000009	
836.732239	1.990959	0.000009	
838.311523	1.990857	0.000008	
839.890747	1.990755	0.000008	
841.469849	1.990654	0.000008	
843.048828	1.990553	0.000008	
844.627747	1.990453	0.000008	
846.206543	1.990354	0.000008	
847.785339	1.990255	0.000007	
849.364075	1.990157	0.000007	
850.942566	1.990059	0.000007	
852.521118	1.989962	0.000007	
854.099487	1.989866	0.000007	
855.677856	1.989771	0.000007	
857.256165	1.989675	0.000007	
858.834290	1.989581	0.000007	
860.412415	1.989487	0.000006	
861.990356	1.989394	0.000006	
863.568237	1.989301	0.000006	
865.146118	1.989209	0.000006	
866.723816	1.989118	0.000006	
868.301453	1.989026	0.000006	
869.879028	1.988936	0.000006	
871.456421	1.988846	0.000006	
873.033875	1.988757	0.000006	
874.611145	1.988668	0.000005	
876.188354	1.988580	0.000005	
877.765442	1.988492	0.000005	
879.342468	1.988405	0.000005	
880.919434	1.988318	0.000005	
882.496277	1.988232	0.000005	
884.073059	1.988147	0.000005	
885.649719	1.988061	0.000005	
887.226257	1.987977	0.000005	
888.802734	1.987893	0.000005	
890.379089	1.987809	0.000005	
891.955383	1.987726	0.000004	
893.531555	1.987644	0.000004	
895.107727	1.987562	0.000004	
896.683716	1.987480	0.000004	
898.259644	1.987399	0.000004	
899.835449	1.987318	0.000004	
901.411255	1.987238	0.000004	
902.986816	1.987158	0.000004	
904.562378	1.987079	0.000004	
906.137817	1.987000	0.000004	
907.713196	1.986922	0.000004	
909.288452	1.986844	0.000004	
910.863647	1.986767	0.000004	
912.438660	1.986690	0.000004	
914.013672	1.986613	0.000004	
915.588562	1.986537	0.000003	
917.163391	1.986462	0.000003	
918.737976	1.986386	0.000003	
920.312622	1.986312	0.000003	
921.887085	1.986237	0.000003	
923.461548	1.986163	0.000003	
925.035828	1.986090	0.000003	
926.609985	1.986017	0.000003	
928.184082	1.985944	0.000003	
929.758118	1.985872	0.000003	
931.332031	1.985800	0.000003	
932.905762	1.985729	0.000003	
934.479492	1.985658	0.000003	
936.053101	1.985587	0.000003	
937.626648	1.985517	0.000003	
939.200012	1.985447	0.000003	
940.773315	1.985378	0.000003	
942.346497	1.985308	0.000003	
943.919617	1.985240	0.000003	
945.492554	1.985171	0.000003	
947.065552	1.985104	0.000002	
948.638306	1.985036	0.000002	
950.211060	1.984969	0.000002	
951.783569	1.984902	0.000002	
953.356079	1.984836	0.000002	
954.928528	1.984769	0.000002	
956.500793	1.984704	0.000002	
958.072937	1.984638	0.000002	
959.645020	1.984573	0.000002	
961.216980	1.984509	0.000002	
962.788879	1.984444	0.000002	
964.360657	1.984380	0.000002	
965.932251	1.984317	0.000002	
967.503784	1.984254	0.000002	
969.075317	1.984191	0.000002	
970.646606	1.984128	0.000002	
972.217896	1.984066	0.000002	
973.788940	1.984004	0.000002	
975.359985	1.983942	0.000002	
976.930847	1.983881	0.000002	
978.501648	1.983820	0.000002	
980.072388	1.983760	0.000002	
981.642944	1.983699	0.000002	
983.213501	1.983639	0.000002	
984.783813	1.983580	0.000002	
986.354126	1.983520	0.000002	
987.924194	1.983461	0.000002	
989.494324	1.983403	0.000002	
991.064270	1.983344	0.000002	
992.634094	1.983286	0.000002	
994.203796	1.983228	0.000002	
995.773315	1.983171	0.000002	
997.342896	1.983114	0.000002	
998.912292	1.983057	0.000002	
1012.271790	1.982584	0.000001	
1015.750671	1.982464	0.000001	
1019.227905	1.982345	0.000001	
1022.703796	1.982228	0.000001	
1026.178101	1.982113	0.000001	
1029.650879	1.981998	0.000001	
1033.122314	1.981885	0.000001	
1036.592285	1.981773	0.000001	
1040.060791	1.981663	0.000001	
1043.527832	1.981553	0.000001	
1046.993530	1.981445	0.000001	
1050.457886	1.981338	0.000001	
1053.920776	1.981232	0.000001	
1057.382446	1.981127	0.000001	
1060.842651	1.981024	0.000001	
1064.301514	1.980921	0.000001	
1067.759155	1.980820	0.000001	
1071.215576	1.980720	0.000001	
1074.670532	1.980621	0.000001	
1078.124268	1.980523	0.000001	
1081.576904	1.980426	0.000001	
1085.028076	1.980330	0.000001	
1088.478149	1.980235	0.000001	
1091.927002	1.980141	0.000001	
1095.374634	1.980048	0.000001	
1098.821045	1.979955	0.000001	
1102.266357	1.979864	0.000001	
1105.710571	1.979774	0.000001	
1109.153564	1.979685	0.000001	
1112.595459	1.979596	0.000001	
1116.036133	1.979509	0.000001	
1119.475830	1.979423	0.000001	
1122.914429	1.979337	0.000001	
1126.352051	1.979252	0.000001	
1129.788452	1.979168	0.000000	
1133.223877	1.979085	0.000000	
1136.658447	1.979003	0.000000	
1140.091919	1.978921	0.000000	
1143.524292	1.978840	0.000000	
1146.955811	1.978760	0.000000	
1150.386230	1.978681	0.000000	
1153.815796	1.978603	0.000000	
1157.244385	1.978525	0.000000	
1160.672119	1.978449	0.000000	
1164.098999	1.978372	0.000000	
1167.524902	1.978297	0.000000	
1170.949951	1.978222	0.000000	
1174.374146	1.978148	0.000000	
1177.797485	1.978075	0.000000	
1181.219971	1.978003	0.000000	
1184.641724	1.977931	0.000000	
1188.062622	1.977859	0.000000	
1191.482666	1.977789	0.000000	
1194.902100	1.977719	0.000000	
1198.320557	1.977650	0.000000	
1201.738525	1.977581	0.000000	
1205.155518	1.977513	0.000000	
1208.572021	1.977446	0.000000	
1211.987671	1.977379	0.000000	
1215.402710	1.977313	0.000000	
1218.817139	1.977247	0.000000	
1222.230713	1.977182	0.000000	
1225.643799	1.977118	0.000000	
1229.056396	1.977054	0.000000	
1232.468140	1.976991	0.000000	
1235.879395	1.976928	0.000000	
1239.290039	1.976866	0.000000	
1242.700073	1.976805	0.000000	
1246.109619	1.976744	0.000000	
1249.518677	1.976683	0.000000	
1252.927002	1.976623	0.000000	
1256.335083	1.976564	0.000000	
1259.742432	1.976505	0.000000	
1263.149536	1.976446	0.000000	
1266.556030	1.976388	0.000000	
1269.962158	1.976331	0.000000	
1273.367798	1.976274	0.000000	
1276.772949	1.976218	0.000000	
1280.177856	1.976162	0.000000	
1283.582275	1.976106	0.000000	
1286.986206	1.976051	0.000000	
1290.389893	1.975996	0.000000	
1293.793213	1.975942	0.000000	
1297.196289	1.975889	0.000000	
1300.598999	1.975836	0.000000	
1304.001343	1.975783	0.000000	
1307.403564	1.975730	0.000000	
1310.805298	1.975679	0.000000	
1314.206787	1.975627	0.000000	
1317.608154	1.975576	0.000000	
1321.009277	1.975525	0.000000	
1324.410156	1.975475	0.000000	
1327.810791	1.975425	0.000000	
1331.211304	1.975376	0.000000	
1334.611572	1.975327	0.000000	
1338.011719	1.975278	0.000000	
1341.411865	1.975230	0.000000	
1344.811646	1.975182	0.000000	
1348.211426	1.975134	0.000000	
1351.611084	1.975087	0.000000	
1355.010742	1.975041	0.000000	
1358.410278	1.974994	0.000000	
1361.809692	1.974948	0.000000	
1365.209106	1.974903	0.000000	
1368.608521	1.974857	0.000000	
1372.007935	1.974812	0.000000	
1375.407349	1.974768	0.000000	
1378.806763	1.974723	0.000000	
1382.206177	1.974679	0.000000	
1385.605713	1.974636	0.000000	
1389.005127	1.974593	0.000000	
1392.404785	1.974550	0.000000	
1395.804443	1.974507	0.000000	
1399.204346	1.974465	0.000000	
1402.604248	1.974423	0.000000	
1406.004395	1.974381	0.000000	
1409.404541	1.974340	0.000000	
1412.804932	1.974299	0.000000	
1416.205566	1.974258	0.000000	
1419.606323	1.974218	0.000000	
1423.007324	1.974177	0.000000	
1426.408447	1.974138	0.000000	
1429.809937	1.974098	0.000000	
1433.211670	1.974059	0.000000	
1436.613525	1.974020	0.000000	
1440.015869	1.973981	0.000000	
1443.418335	1.973943	0.000000	
1446.821167	1.973905	0.000000	
1450.224365	1.973867	0.000000	
1453.627930	1.973829	0.000000	
1457.031738	1.973792	0.000000	
1460.436035	1.973755	0.000000	
1463.840576	1.973718	0.000000	
1467.245605	1.973682	0.000000	
1470.651123	1.973645	0.000000	
1474.056885	1.973609	0.000000	
1477.463135	1.973574	0.000000	
1480.869873	1.973538	0.000000	
1484.277100	1.973503	0.000000	
1487.684814	1.973468	0.000000	
1491.093018	1.973433	0.000000	
1494.501831	1.973398	0.000000	
1497.911133	1.973364	0.000000	
1501.320923	1.973330	0.000000	
1504.731201	1.973296	0.000000	
1508.142212	1.973263	0.000000	
1511.553711	1.973229	0.000000	
1514.965820	1.973196	0.000000	
1518.378662	1.973163	0.000000	
1521.791992	1.973131	0.000000	
1525.205933	1.973098	0.000000	
1528.620605	1.973066	0.000000	
1532.036011	1.973034	0.000000	
1535.452026	1.973002	0.000000	
1538.868896	1.972970	0.000000	
1542.286377	1.972939	0.000000	
1545.704468	1.972908	0.000000	
1549.123413	1.972877	0.000000	
1552.543213	1.972846	0.000000	
1555.963623	1.972815	0.000000	
1559.385010	1.972785	0.000000	
1562.807007	1.972755	0.000000	
1566.229980	1.972725	0.000000	
1569.653687	1.972695	0.000000	
1573.078369	1.972666	0.000000	
1576.503784	1.972636	0.000000	
1579.930176	1.972607	0.000000	
1583.357422	1.972578	0.000000	
1586.785645	1.972549	0.000000	
1590.214600	1.972520	0.000000	
1593.644775	1.972492	0.000000	
1597.075684	1.972464	0.000000	
1600.507568	1.972435	0.000000	
1603.940674	1.972408	0.000000	
1607.374512	1.972380	0.000000	
1610.809448	1.972352	0.000000	
1614.245361	1.972325	0.000000	
1617.682373	1.972298	0.000000	
1621.120483	1.972270	0.000000	
1624.559692	1.972244	0.000000	
1627.999756	1.972217	0.000000	
1631.441162	1.972190	0.000000	
1634.883545	1.972164	0.000000	
1638.327148	1.972138	0.000000	
1641.771851	1.972112	0.000000	
1645.217773	1.972086	0.000000	
1648.664795	1.972060	0.000000	
1652.113037	1.972034	0.000000	
1655.562500	1.972009	0.000000	
1659.013062	1.971983	0.000000	
1662.465088	1.971958	0.000000	
1665.918213	1.971933	0.000000	
1669.372437	1.971908	0.000000	
1672.828125	1.971884	0.000000	
1676.285156	1.971859	0.000000	
1679.743408	1.971835	0.000000	
1683.202881	1.971811	0.000000	
1686.663818	1.971786	0.000000	
