-4.500000000000000000e+00 6.000000000000000000e+01
-3.500000000000000000e+00 6.620000000000000284e+01
-2.500000000000000000e+00 7.170000000000000284e+01
-1.500000000000000000e+00 7.659999999999999432e+01
-5.000000000000000000e-01 8.090000000000000568e+01
5.000000000000000000e-01 8.440000000000000568e+01
1.500000000000000000e+00 8.740000000000000568e+01
2.500000000000000000e+00 8.959999999999999432e+01
3.500000000000000000e+00 9.120000000000000284e+01
4.500000000000000000e+00 9.220000000000000284e+01
