-4.500000000000000000e+00 8.987999999999999545e+01
-3.500000000000000000e+00 9.157999999999999829e+01
-2.500000000000000000e+00 9.309000000000000341e+01
-1.500000000000000000e+00 9.440000000000000568e+01
-5.000000000000000000e-01 9.551999999999999602e+01
5.000000000000000000e-01 9.643000000000000682e+01
1.500000000000000000e+00 9.714000000000000057e+01
2.500000000000000000e+00 9.765999999999999659e+01
3.500000000000000000e+00 9.796999999999999886e+01
4.500000000000000000e+00 9.809000000000000341e+01
