-4.500000000000000000e+00 8.100000000000000000e+01
-3.500000000000000000e+00 8.409999999999999432e+01
-2.500000000000000000e+00 8.690000000000000568e+01
-1.500000000000000000e+00 8.929999999999999716e+01
-5.000000000000000000e-01 9.129999999999999716e+01
5.000000000000000000e-01 9.300000000000000000e+01
1.500000000000000000e+00 9.429999999999999716e+01
2.500000000000000000e+00 9.529999999999999716e+01
3.500000000000000000e+00 9.590000000000000568e+01
4.500000000000000000e+00 9.609999999999999432e+01
